time_ms,raw_adc,millivolts
220354,0,0
220385,0,0
220416,0,0
220446,0,0
220477,0,0
220507,0,0
220538,0,0
220568,0,0
220599,0,0
220630,0,0
220660,0,0
220691,0,0
220721,0,0
220752,0,0
220782,0,0
220813,0,0
220844,0,0
220874,0,0
220905,0,0
220935,0,0
220966,0,0
220996,0,0
221027,0,0
221058,0,0
221088,0,0
221119,0,0
221149,0,0
221180,0,0
221210,0,0
221241,0,0
221272,0,0
221302,0,0
221333,0,0
221363,0,0
221394,0,0
221424,0,0
221455,0,0
221486,0,0
221516,0,0
221547,0,0
221577,0,0
221608,0,0
221638,0,0
221669,0,0
221700,0,0
221730,0,0
221761,0,0
221792,0,0
221822,0,0
221853,0,0
221884,0,0
221914,0,0
221945,0,0
221975,0,0
222006,0,0
222036,0,0
222067,0,0
222098,0,0
222128,0,0
222159,0,0
222189,0,0
222220,0,0
222250,0,0
222281,0,0
222312,0,0
222342,0,0
222373,0,0
222403,0,0
222434,0,0
222464,0,0
222495,0,0
222526,0,0
222556,0,0
222587,0,0
222617,0,0
222648,0,0
222678,0,0
222709,0,0
222740,0,0
222770,0,0
222801,0,0
222831,0,0
222862,0,0
222892,0,0
222923,0,0
222954,0,0
222984,0,0
223015,0,0
223045,0,0
223076,0,0
223106,0,0
223137,0,0
223168,0,0
223198,0,0
223229,0,0
223259,0,0
223290,0,0
223321,0,0
223351,0,0
223382,0,0
223412,0,0
223443,0,0
223474,0,0
223504,0,0
223535,0,0
223566,0,0
223596,0,0
223627,0,0
223657,0,0
223688,0,0
223718,0,0
223749,0,0
223780,0,0
223810,0,0
223841,0,0
223871,0,0
223902,0,0
223932,0,0
223963,0,0
223994,0,0
224024,0,0
224055,0,0
224085,0,0
224116,0,0
224146,0,0
224177,0,0
224208,0,0
224238,0,0
224269,0,0
224299,0,0
224330,0,0
224360,0,0
224391,0,0
224422,0,0
224452,0,0
224483,0,0
224513,0,0
224544,0,0
224574,0,0
224605,0,0
224636,0,0
224666,0,0
224697,0,0
224727,0,0
224758,0,0
224789,0,0
224819,0,0
224850,0,0
224880,0,0
224911,0,0
224942,0,0
224972,0,0
225003,0,0
225033,0,0
225064,0,0
225095,0,0
225125,0,0
225156,0,0
225186,0,0
225217,0,0
225247,0,0
225278,0,0
225309,0,0
225339,0,0
225370,0,0
225400,0,0
225431,0,0
225462,0,0
225492,0,0
225523,0,0
225553,0,0
225584,0,0
225614,0,0
225645,0,0
225675,0,0
225706,0,0
225737,0,0
225767,0,0
225798,0,0
225828,0,0
225859,0,0
225889,0,0
225920,0,0
225951,0,0
225981,0,0
226012,0,0
226042,0,0
226073,0,0
226103,0,0
226134,0,0
226165,0,0
226195,0,0
226226,0,0
226256,0,0
226287,0,0
226318,0,0
226348,0,0
226379,0,0
226409,0,0
226440,0,0
226470,0,0
226501,0,0
226532,0,0
226562,0,0
226593,0,0
226623,0,0
226654,0,0
226685,0,0
226715,0,0
226746,0,0
226776,0,0
226807,0,0
226838,0,0
226868,0,0
226899,0,0
226929,0,0
226960,0,0
226990,0,0
227021,0,0
227052,0,0
227082,0,0
227113,0,0
227143,0,0
227174,0,0
227204,0,0
227235,0,0
227266,0,0
227296,0,0
227327,0,0
227357,0,0
227388,0,0
227418,0,0
227449,0,0
227480,0,0
227510,0,0
227541,0,0
227571,0,0
227602,0,0
227632,0,0
227663,0,0
227694,0,0
227724,0,0
227755,0,0
227785,0,0
227816,0,0
227846,0,0
227877,0,0
227908,0,0
227938,0,0
227969,0,0
227999,0,0
228030,0,0
228060,0,0
228091,0,0
228122,0,0
228152,0,0
228183,0,0
228213,0,0
228244,0,0
228275,0,0
228305,0,0
228336,0,0
228367,0,0
228397,0,0
228428,0,0
228458,0,0
228489,0,0
228519,0,0
228550,0,0
228581,0,0
228611,0,0
228642,0,0
228672,0,0
228703,0,0
228733,0,0
228764,0,0
228795,0,0
228825,0,0
228856,0,0
228886,0,0
228917,0,0
228947,0,0
228978,0,0
229009,0,0
229039,0,0
229070,0,0
229100,0,0
229131,0,0
229161,0,0
229192,0,0
229223,0,0
229253,0,0
229284,0,0
229314,0,0
229345,0,0
229375,0,0
229406,0,0
229437,0,0
229467,0,0
229498,0,0
229528,0,0
229559,0,0
229589,0,0
229620,0,0
229651,0,0
229681,0,0
229712,0,0
229742,0,0
229773,0,0
229804,0,0
229834,0,0
229865,0,0
229895,0,0
229926,0,0
229956,0,0
229987,0,0
230018,0,0
230048,0,0
230079,0,0
230110,0,0
230140,0,0
230171,0,0
230201,0,0
230232,0,0
230262,0,0
230293,0,0
230324,0,0
230354,0,0
230385,0,0
230415,0,0
230446,0,0
230477,0,0
230507,0,0
230538,0,0
230568,0,0
230599,0,0
230629,0,0
230660,0,0
230691,0,0
230721,0,0
230752,0,0
230782,0,0
230813,0,0
230843,0,0
230874,0,0
230905,0,0
230935,0,0
230966,0,0
230996,0,0
231027,0,0
231057,0,0
231088,0,0
231119,0,0
231149,0,0
231180,0,0
231210,0,0
231241,0,0
231271,0,0
231302,0,0
231333,0,0
231363,0,0
231394,0,0
231424,0,0
231455,0,0
231485,0,0
231516,0,0
231547,0,0
231577,0,0
231608,0,0
231639,0,0
231669,0,0
231700,0,0
231730,0,0
231761,0,0
231791,0,0
231822,0,0
231853,0,0
231883,0,0
231914,0,0
231944,0,0
231975,0,0
232006,0,0
232036,0,0
232067,0,0
232097,0,0
232128,0,0
232158,0,0
232189,0,0
232220,0,0
232250,0,0
232281,0,0
232311,0,0
232342,0,0
232372,0,0
232403,0,0
232434,0,0
232464,0,0
232495,0,0
232525,0,0
232556,0,0
232586,0,0
232617,0,0
232647,0,0
232678,0,0
232709,0,0
232739,0,0
232770,0,0
232800,0,0
232831,0,0
232861,0,0
232892,0,0
232923,0,0
232953,0,0
232984,0,0
233014,0,0
233045,0,0
233075,0,0
233106,0,0
233137,0,0
233167,0,0
233198,0,0
233228,0,0
233259,0,0
233289,0,0
233320,0,0
233351,0,0
233381,0,0
233412,0,0
233443,0,0
233473,0,0
233504,0,0
233534,0,0
233565,0,0
233595,0,0
233626,0,0
233657,0,0
233687,0,0
233718,0,0
233748,0,0
233779,0,0
233809,0,0
233840,0,0
233870,0,0
233901,0,0
233931,0,0
233962,0,0
233993,0,0
234023,0,0
234054,0,0
234084,0,0
234115,0,0
234146,0,0
234176,0,0
234207,0,0
234237,0,0
234268,0,0
234298,0,0
234329,0,0
234360,0,0
234390,0,0
234421,0,0
234451,0,0
234482,0,0
234512,0,0
234543,0,0
234574,0,0
234604,0,0
234635,0,0
234665,0,0
234696,0,0
234726,0,0
234757,0,0
234788,0,0
234818,0,0
234849,0,0
234879,0,0
234910,0,0
234940,0,0
234971,0,0
235002,0,0
235032,0,0
235063,0,0
235093,0,0
235124,0,0
235154,0,0
235185,0,0
235216,0,0
235246,0,0
235277,0,0
235308,0,0
235338,0,0
235369,0,0
235399,0,0
235430,0,0
235460,0,0
235491,0,0
235522,0,0
235552,0,0
235583,0,0
235613,0,0
235644,0,0
235674,0,0
235705,0,0
235736,0,0
235766,0,0
235797,0,0
235827,0,0
235858,0,0
235888,0,0
235919,0,0
235950,0,0
235980,0,0
236011,0,0
236041,0,0
236072,0,0
236102,0,0
236133,0,0
236164,0,0
236194,0,0
236225,0,0
236255,0,0
236286,0,0
236316,0,0
236347,0,0
236378,0,0
236408,0,0
236439,0,0
236469,0,0
236500,0,0
236530,0,0
236561,0,0
236592,0,0
236622,0,0
236653,0,0
236683,0,0
236714,0,0
236744,0,0
236775,0,0
236806,0,0
236836,0,0
236867,0,0
236897,0,0
236928,0,0
236959,0,0
236989,0,0
237020,0,0
237050,0,0
237081,0,0
237111,0,0
237142,0,0
237173,0,0
237203,0,0
237234,0,0
237264,0,0
237295,0,0
237326,0,0
237356,0,0
237387,0,0
237417,0,0
237448,0,0
237478,0,0
237509,0,0
237540,0,0
237570,0,0
237601,0,0
237631,0,0
237662,0,0
237692,0,0
237723,0,0
237754,0,0
237784,0,0
237815,0,0
237845,0,0
237876,0,0
237906,0,0
237937,0,0
237968,0,0
237998,0,0
238029,0,0
238059,0,0
238090,0,0
238120,0,0
238151,0,0
238182,0,0
238212,0,0
238243,0,0
238273,0,0
238304,0,0
238335,0,0
238365,0,0
238396,0,0
238426,0,0
238457,0,0
238487,0,0
238518,0,0
238549,0,0
238580,0,0
238610,0,0
238641,0,0
238671,0,0
238702,0,0
238732,0,0
238763,0,0
238794,0,0
238824,0,0
238855,0,0
238885,0,0
238916,0,0
238946,0,0
238977,0,0
239008,0,0
239038,0,0
239069,0,0
239099,0,0
239130,0,0
239160,0,0
239191,0,0
239222,0,0
239252,0,0
239283,0,0
239313,0,0
239344,0,0
239374,0,0
239405,0,0
239436,0,0
239466,0,0
239497,0,0
239527,0,0
239558,0,0
239588,0,0
239619,0,0
239650,0,0
239680,0,0
239711,0,0
239741,0,0
239772,0,0
239802,0,0
239833,0,0
239864,0,0
239894,0,0
239925,0,0
239955,0,0
239986,0,0
240016,0,0
240047,0,0
240078,0,0
240108,0,0
240139,0,0
240169,0,0
240200,0,0
240231,0,0
240261,0,0
240292,0,0
240322,0,0
240353,0,0
240384,0,0
240414,0,0
240445,0,0
240475,0,0
240506,0,0
240536,0,0
240567,0,0
240597,0,0
240628,0,0
240659,0,0
240689,0,0
240720,0,0
240750,0,0
240781,0,0
240812,0,0
240842,0,0
240873,0,0
240903,0,0
240934,0,0
240964,0,0
240995,0,0
241026,0,0
241056,0,0
241087,0,0
241117,0,0
241148,0,0
241178,0,0
241209,0,0
241240,0,0
241270,0,0
241301,0,0
241331,0,0
241362,0,0
241392,0,0
241423,0,0
241454,0,0
241484,0,0
241515,0,0
241545,0,0
241576,0,0
241606,0,0
241637,0,0
241668,0,0
241698,0,0
241729,0,0
241759,0,0
241790,0,0
241821,0,0
241851,0,0
241882,0,0
