time_ms,raw_adc,millivolts
40337,0,0
40368,0,0
40398,0,0
40429,0,0
40459,0,0
40490,0,0
40521,0,0
40551,0,0
40582,0,0
40613,0,0
40643,0,0
40674,0,0
40704,0,0
40735,0,0
40766,0,0
40796,0,0
40827,0,0
40857,0,0
40888,0,0
40919,0,0
40949,0,0
40980,0,0
41010,0,0
41041,0,0
41072,0,0
41103,0,0
41133,0,0
41164,0,0
41194,0,0
41225,0,0
41256,0,0
41286,0,0
41317,0,0
41347,0,0
41378,0,0
41409,0,0
41439,0,0
41470,0,0
41500,0,0
41531,0,0
41562,0,0
41592,0,0
41623,0,0
41653,0,0
41684,0,0
41715,0,0
41745,0,0
41776,0,0
41807,0,0
41837,0,0
41868,0,0
41898,0,0
41929,0,0
41960,0,0
41990,0,0
42021,0,0
42052,0,0
42082,0,0
42113,0,0
42143,0,0
42174,0,0
42205,0,0
42235,0,0
42266,0,0
42296,0,0
42327,0,0
42358,0,0
42388,0,0
42419,0,0
42449,0,0
42480,0,0
42511,0,0
42541,0,0
42572,0,0
42603,0,0
42633,0,0
42664,0,0
42694,0,0
42725,0,0
42756,0,0
42786,0,0
42817,0,0
42848,0,0
42878,0,0
42909,0,0
42939,0,0
42970,0,0
43001,0,0
43031,0,0
43062,0,0
43092,0,0
43123,0,0
43154,0,0
43184,0,0
43215,0,0
43245,0,0
43276,0,0
43307,0,0
43337,0,0
43368,0,0
43399,0,0
43429,0,0
43460,0,0
43490,0,0
43521,0,0
43552,0,0
43582,0,0
43613,0,0
43643,0,0
43674,0,0
43705,0,0
43735,0,0
43766,0,0
43797,0,0
43827,0,0
43858,0,0
43889,0,0
43919,0,0
43950,0,0
43980,0,0
44011,0,0
44042,0,0
44072,0,0
44103,0,0
44134,0,0
44164,0,0
44195,0,0
44225,0,0
44256,0,0
44286,0,0
44317,0,0
44348,0,0
44378,0,0
44409,0,0
44439,6,21
44470,48,168
44501,111,390
44531,115,404
44562,109,383
44592,28,98
44623,114,401
44653,111,390
44684,112,394
44714,112,394
44745,111,390
44775,113,397
44806,112,394
44837,114,401
44867,114,401
44898,111,390
44928,112,394
44959,111,390
44990,112,394
45020,115,404
45051,111,390
45081,111,390
45112,110,387
45143,111,390
45173,91,320
45204,114,401
45234,112,394
45265,111,390
45295,111,390
45326,112,394
45356,112,394
45387,113,397
45418,109,383
45448,110,387
45479,111,390
45509,114,401
45540,110,387
45571,109,383
45601,114,401
45632,111,390
45663,97,341
45693,111,390
45724,109,383
45754,112,394
45785,111,390
45815,110,387
45846,112,394
45877,112,394
45907,114,401
45938,111,390
45968,112,394
45999,111,390
46030,113,397
46060,112,394
46091,113,397
46121,112,394
46152,111,390
46183,111,390
46213,112,394
46244,112,394
46274,112,394
46305,112,394
46336,109,383
46366,113,397
46397,112,394
46427,112,394
46458,112,394
46488,112,394
46519,109,383
46550,111,390
46580,112,394
46611,113,397
46641,113,397
46672,112,394
46702,114,401
46733,93,327
46763,109,383
46794,114,401
46825,113,397
46855,111,390
46886,111,390
46916,114,401
46960,110,387
46991,112,394
47021,112,394
47052,111,390
47083,112,394
47113,111,390
47144,111,390
47253,111,390
47283,111,390
47314,111,390
47345,111,390
47375,111,390
47406,113,397
47436,112,394
47467,108,380
47497,111,390
47528,111,390
47558,112,394
47589,112,394
47619,114,401
47650,112,394
47681,110,387
47711,111,390
47742,114,401
47772,110,387
47803,114,401
47838,110,387
47868,112,394
47899,113,397
47929,110,387
47960,111,390
47991,112,394
48021,108,380
48052,81,285
48082,112,394
48113,109,383
48143,112,394
48174,113,397
48205,110,387
48235,111,390
48266,115,404
48296,110,387
48327,112,394
48358,112,394
48388,111,390
48419,111,390
48450,113,397
48480,113,397
48511,110,387
48541,34,119
48572,1,3
48603,0,0
48633,0,0
48664,0,0
48694,0,0
48725,0,0
48756,0,0
48786,0,0
48817,0,0
48847,0,0
48878,0,0
48908,0,0
48939,0,0
48970,0,0
49000,0,0
49031,0,0
49061,0,0
49092,0,0
49123,0,0
49154,0,0
49184,0,0
49215,0,0
49245,0,0
49276,0,0
49307,0,0
49337,0,0
49368,0,0
49398,0,0
49429,0,0
49460,0,0
49490,0,0
49521,0,0
49551,0,0
49582,5,17
49613,25,87
49643,114,401
49674,113,397
49704,112,394
49735,110,387
49766,110,387
49796,111,390
49827,112,394
49857,112,394
49888,108,380
49919,113,397
49949,112,394
49980,111,390
50010,111,390
50041,113,397
50072,111,390
50102,111,390
50133,113,397
50163,111,390
50194,92,323
50225,114,401
50255,110,387
50286,112,394
50317,110,387
50347,112,394
50378,111,390
50408,111,390
50439,107,376
50470,111,390
50500,112,394
50531,111,390
50562,111,390
50592,111,390
50623,113,397
50653,114,401
50684,110,387
50715,112,394
50745,111,390
50776,110,387
50807,111,390
50837,110,387
50868,116,408
50898,111,390
50929,110,387
50960,114,401
50990,111,390
51021,110,387
51051,113,397
51082,113,397
51112,111,390
51143,109,383
51173,110,387
51204,112,394
51235,112,394
51265,112,394
51296,109,383
51326,111,390
51357,117,411
51388,110,387
51418,109,383
51449,111,390
51479,110,387
51510,110,387
51540,111,390
51571,111,390
51602,112,394
51632,114,401
51663,113,397
51693,111,390
51724,114,401
51755,104,365
51785,114,401
51816,111,390
51846,113,397
51877,111,390
51907,111,390
51938,112,394
51969,109,383
51999,47,165
52030,112,394
52060,111,390
52091,113,397
52122,109,383
52152,113,397
52183,113,397
52213,109,383
52244,104,365
52275,110,387
52305,113,397
52336,110,387
52366,112,394
52397,111,390
52428,111,390
52458,110,387
52489,105,369
52519,112,394
52550,110,387
52581,111,390
52611,111,390
52642,110,387
52672,112,394
52703,112,394
52734,110,387
52764,111,390
52795,112,394
52825,112,394
52856,111,390
52887,112,394
52917,114,401
52948,112,394
52978,110,387
53009,113,397
53040,113,397
53070,106,373
53101,111,390
53131,112,394
53162,112,394
53192,112,394
53223,110,387
53254,112,394
53284,112,394
53315,109,383
53345,111,390
53376,113,397
53407,112,394
53437,112,394
53468,111,390
53498,113,397
53529,108,380
53560,28,98
53591,111,390
53621,108,380
53652,113,397
53682,37,130
53713,0,0
53744,0,0
53774,0,0
53805,0,0
53835,0,0
53866,0,0
53897,0,0
53927,0,0
53958,0,0
53988,0,0
54019,0,0
54050,0,0
54080,0,0
54111,0,0
54141,0,0
54172,0,0
54203,0,0
54233,0,0
54264,0,0
54294,0,0
54325,0,0
54356,0,0
54386,0,0
54417,0,0
54447,0,0
54478,0,0
54509,2,7
54539,31,109
54570,108,380
54600,112,394
54631,109,383
54662,112,394
54692,112,394
54723,113,397
54753,111,390
54784,114,401
54815,112,394
54845,111,390
54876,7,24
54906,114,401
54937,111,390
54968,113,397
54998,111,390
55029,112,394
55059,112,394
55090,111,390
55121,110,387
55151,112,394
55182,113,397
55212,111,390
55243,111,390
55274,113,397
55304,113,397
55335,111,390
55365,112,394
55396,111,390
55427,110,387
55457,113,397
55488,110,387
55518,113,397
55549,110,387
55580,111,390
55610,113,397
55641,114,401
55671,110,387
55702,113,397
55733,112,394
55763,111,390
55794,113,397
55824,112,394
55855,114,401
55886,112,394
55916,110,387
55947,102,358
55977,114,401
56008,109,383
56039,113,397
56069,113,397
56100,112,394
56130,108,380
56161,111,390
56192,51,179
56223,110,387
56253,111,390
56284,60,211
56314,3,10
56345,0,0
56376,0,0
56406,0,0
56437,0,0
56467,0,0
56498,0,0
56529,0,0
56559,0,0
56590,0,0
56620,0,0
56651,0,0
56682,0,0
56712,0,0
56743,0,0
56773,0,0
56804,0,0
56835,0,0
56865,0,0
56896,0,0
56926,37,130
56957,114,401
56988,116,408
57018,116,408
57049,111,390
57079,110,387
57110,114,401
57141,111,390
57171,109,383
57202,113,397
57232,112,394
57263,96,337
57294,114,401
57324,112,394
57355,112,394
57385,113,397
57416,112,394
57447,113,397
57477,112,394
57508,49,172
57539,111,390
57569,111,390
57600,112,394
57631,111,390
57661,111,390
57692,114,401
57722,112,394
57753,112,394
57784,111,390
57814,110,387
57845,112,394
57875,112,394
57906,110,387
57937,113,397
57967,112,394
57998,111,390
58028,112,394
58059,112,394
58090,112,394
58120,112,394
58151,110,387
58181,111,390
58212,112,394
58243,111,390
58273,114,401
58304,114,401
58334,112,394
58365,111,390
58396,113,397
58426,113,397
58457,110,387
58487,112,394
58518,112,394
58549,29,102
58579,0,0
58610,0,0
58640,0,0
58671,0,0
58702,0,0
58732,0,0
58763,0,0
58793,0,0
58824,0,0
58855,0,0
58886,0,0
58916,0,0
58947,0,0
58977,0,0
59008,0,0
59039,0,0
59069,0,0
59100,0,0
59130,0,0
59161,112,394
59191,114,401
59222,111,390
59253,111,390
59283,112,394
59314,111,390
59345,113,397
59375,112,394
59406,112,394
59436,113,397
59467,112,394
59498,112,394
59528,113,397
59559,112,394
59589,113,397
59620,111,390
59651,114,401
59681,111,390
59712,63,221
59742,0,0
59773,0,0
59803,0,0
59834,0,0
59865,0,0
59895,0,0
59926,0,0
59956,0,0
59987,0,0
60018,0,0
60048,0,0
60079,0,0
60109,0,0
60140,0,0
60171,113,397
60202,112,394
60232,115,404
60263,112,394
60293,112,394
60324,114,401
60355,112,394
60385,111,390
60416,112,394
60446,110,387
60477,111,390
60508,111,390
60538,112,394
60569,113,397
60599,111,390
60630,18,63
60660,0,0
60691,0,0
60722,0,0
60752,0,0
60783,0,0
60813,0,0
60844,0,0
60874,0,0
60905,0,0
60936,0,0
60966,0,0
60997,0,0
61027,0,0
61058,2,7
61089,108,380
61119,112,394
61150,113,397
61180,112,394
61211,110,387
61242,112,394
61272,112,394
61303,113,397
61333,110,387
61364,112,394
61395,109,383
61425,115,404
61456,108,380
61486,108,380
61517,1,3
61548,0,0
61578,0,0
61609,0,0
61640,0,0
61670,0,0
61701,0,0
61732,0,0
61762,0,0
61793,0,0
61823,0,0
61854,0,0
61885,4,14
61915,111,390
61946,112,394
61976,112,394
62007,111,390
62038,114,401
62068,111,390
62099,112,394
62129,114,401
62160,114,401
62191,31,109
62221,4,14
62252,0,0
62282,0,0
62313,0,0
62344,0,0
62374,0,0
62405,0,0
62435,0,0
62466,0,0
62497,0,0
62527,0,0
62558,0,0
62588,111,390
62619,112,394
62650,112,394
62680,112,394
62711,112,394
62741,112,394
62772,8,28
62803,1,3
62833,0,0
62864,0,0
62894,0,0
62925,0,0
62956,0,0
62986,0,0
63017,0,0
63048,0,0
63078,0,0
63109,0,0
63139,0,0
63170,0,0
63201,111,390
63231,112,394
63262,112,394
63292,113,397
63323,112,394
63353,112,394
63384,113,397
63414,14,49
63445,5,17
63476,0,0
63506,0,0
63537,0,0
63567,0,0
63598,0,0
63629,0,0
63659,0,0
63690,0,0
63720,0,0
63751,0,0
63782,0,0
63812,0,0
63843,0,0
63873,0,0
63904,0,0
63935,0,0
63965,0,0
63996,0,0
64026,0,0
64057,0,0
64088,0,0
64118,0,0
64149,0,0
64179,0,0
64210,0,0
64240,0,0
64271,0,0
64302,0,0
64332,0,0
64363,0,0
64394,0,0
64424,0,0
64455,0,0
64485,0,0
64516,0,0
64547,0,0
64577,0,0
64608,0,0
64638,0,0
64669,0,0
64700,0,0
64730,0,0
64761,0,0
64791,0,0
64822,0,0
64853,0,0
64883,0,0
64914,2,7
64944,4,14
64975,7,24
65006,11,38
65036,112,394
65067,108,380
65097,113,397
65128,112,394
65159,113,397
65189,111,390
65220,110,387
65250,110,387
65281,113,397
65312,112,394
65342,112,394
65373,112,394
65403,113,397
65434,111,390
65465,108,380
65495,113,397
65526,110,387
65557,111,390
65587,112,394
65618,108,380
65648,107,376
65679,110,387
65710,114,401
65740,112,394
65771,111,390
65801,113,397
65832,109,383
65863,111,390
65893,8,28
65924,113,397
65954,113,397
65985,111,390
66016,110,387
66046,113,397
66077,113,397
66107,111,390
66138,110,387
66169,112,394
66199,111,390
66230,112,394
66260,112,394
66291,110,387
66322,112,394
66352,114,401
66383,111,390
66413,117,411
66444,111,390
66475,112,394
66505,111,390
66536,111,390
66566,111,390
66597,110,387
66628,111,390
66658,110,387
66689,109,383
66719,111,390
66750,111,390
66781,111,390
66811,112,394
66842,110,387
66872,110,387
66903,110,387
66934,112,394
66964,104,365
66995,110,387
67026,109,383
67056,111,390
67087,111,390
67117,112,394
67148,112,394
67179,112,394
67209,26,91
67240,112,394
67271,109,383
67301,112,394
67332,111,390
67362,112,394
67393,113,397
67424,111,390
67454,110,387
67485,113,397
67515,111,390
67546,111,390
67577,112,394
67607,111,390
67638,112,394
67668,111,390
67699,114,401
67730,112,394
67760,112,394
67791,114,401
67821,112,394
67852,115,404
67883,110,387
67913,112,394
67944,112,394
67974,114,401
68005,113,397
68036,111,390
68066,111,390
68097,111,390
68127,112,394
68158,112,394
68189,112,394
68219,113,397
68250,111,390
68280,95,334
68311,111,390
68342,111,390
68372,113,397
68403,110,387
68433,110,387
68464,112,394
68495,112,394
68525,47,165
68556,112,394
68587,113,397
68617,112,394
68648,111,390
68679,112,394
68709,74,260
68740,41,144
68770,22,77
68801,4,14
68832,0,0
68862,0,0
68893,0,0
68923,0,0
68954,0,0
68985,0,0
69015,0,0
69046,0,0
69076,0,0
69107,0,0
69138,0,0
69168,0,0
69199,0,0
69229,0,0
69260,0,0
69291,0,0
69321,0,0
69352,30,105
69382,111,390
69413,114,401
69444,113,397
69474,116,408
69505,113,397
69535,113,397
69566,111,390
69597,102,358
69627,110,387
69658,112,394
69688,113,397
69719,112,394
69750,111,390
69780,115,404
69811,112,394
69842,55,193
69872,112,394
69903,112,394
69934,112,394
69964,112,394
69995,113,397
70025,112,394
70056,112,394
70087,110,387
70117,112,394
70148,112,394
70178,113,397
70209,112,394
70240,112,394
70270,111,390
70301,112,394
70331,112,394
70362,113,397
70393,112,394
70423,111,390
70454,111,390
70484,112,394
70515,112,394
70546,113,397
70576,112,394
70607,113,397
70637,112,394
70668,112,394
70699,112,394
70729,111,390
70760,112,394
70790,112,394
70821,112,394
70852,113,397
70882,110,387
70913,96,337
70943,113,397
70974,111,390
71005,112,394
71035,111,390
71066,111,390
71096,113,397
71127,111,390
71158,60,211
71189,112,394
71219,112,394
71250,112,394
71280,112,394
71311,112,394
71342,112,394
71372,111,390
71403,112,394
71433,35,123
71464,1,3
71495,0,0
71525,0,0
71556,0,0
71586,0,0
71617,0,0
71648,0,0
71678,0,0
71709,0,0
71739,0,0
71770,0,0
71801,0,0
71831,0,0
71862,0,0
71892,3,10
71923,115,404
71954,112,394
71984,110,387
72015,108,380
72045,112,394
72076,111,390
72107,110,387
72137,111,390
72168,113,397
72198,113,397
72229,93,327
72260,112,394
72290,111,390
72321,111,390
72351,111,390
72382,111,390
72413,112,394
72443,110,387
72474,90,316
72505,112,394
72535,113,397
72566,112,394
72597,113,397
72627,111,390
72658,112,394
72688,112,394
72719,112,394
72750,113,397
72780,111,390
72811,114,401
72841,111,390
72872,111,390
72903,111,390
72933,111,390
72964,112,394
72994,113,397
73025,110,387
73056,114,401
73086,112,394
73117,112,394
73147,113,397
73178,111,390
73209,111,390
73239,112,394
73270,112,394
73300,112,394
73331,113,397
73362,33,116
73392,0,0
73423,0,0
73453,0,0
73484,0,0
73515,0,0
73545,0,0
73576,0,0
73606,0,0
73637,0,0
73668,0,0
73698,0,0
73729,0,0
73759,0,0
73790,0,0
73821,0,0
73852,0,0
73882,0,0
73913,0,0
73943,0,0
73974,0,0
74004,0,0
74035,0,0
74065,0,0
74096,0,0
74127,0,0
74157,0,0
74188,0,0
74218,0,0
74249,0,0
74280,0,0
74310,0,0
74341,0,0
74371,0,0
74402,0,0
74433,0,0
74463,0,0
74494,0,0
74524,0,0
74555,0,0
74586,0,0
74616,0,0
74647,0,0
74677,0,0
74708,0,0
74739,0,0
74769,0,0
74800,0,0
74830,0,0
74861,0,0
74892,0,0
74922,0,0
74953,0,0
74983,0,0
75014,0,0
75045,0,0
75075,0,0
75106,0,0
75136,0,0
75167,0,0
75198,0,0
75228,0,0
75259,0,0
75289,0,0
75320,0,0
75351,0,0
75381,0,0
75412,0,0
75442,0,0
75473,0,0
75504,0,0
75534,0,0
75565,0,0
75595,0,0
75626,0,0
75657,0,0
75687,0,0
75718,0,0
75748,0,0
75779,0,0
75810,0,0
75840,0,0
75871,0,0
75901,0,0
75932,0,0
75963,0,0
75993,0,0
76024,0,0
76054,0,0
76085,0,0
76116,0,0
76146,0,0
76177,0,0
76207,0,0
76238,0,0
76269,0,0
76299,0,0
76330,0,0
76360,0,0
76391,0,0
76422,0,0
76452,0,0
76483,0,0
76513,0,0
76544,0,0
76575,0,0
76605,0,0
76636,0,0
76667,0,0
76697,0,0
76728,0,0
76758,0,0
76789,0,0
76820,0,0
76850,0,0
76881,0,0
76911,0,0
76942,0,0
76973,0,0
77003,0,0
77034,0,0
77065,0,0
77095,0,0
77126,0,0
77156,0,0
77187,0,0
77217,0,0
77248,0,0
77279,0,0
77309,0,0
77340,0,0
77370,0,0
77401,0,0
77432,0,0
77462,0,0
77493,0,0
77523,0,0
77554,0,0
77585,0,0
77615,0,0
77646,0,0
77676,0,0
77707,0,0
77738,0,0
77768,0,0
77799,0,0
77829,0,0
77860,0,0
77891,0,0
77921,0,0
77952,0,0
77983,0,0
78013,0,0
78044,0,0
78075,0,0
78105,0,0
78136,0,0
78166,0,0
78197,0,0
78228,0,0
78258,0,0
78289,0,0
78319,0,0
78350,0,0
78381,0,0
78411,0,0
78442,0,0
78472,0,0
78503,0,0
78534,0,0
78564,0,0
78595,0,0
78625,0,0
78656,0,0
78687,0,0
78717,0,0
78748,0,0
78778,0,0
78809,0,0
78840,0,0
78870,0,0
78901,0,0
78931,0,0
78962,0,0
78993,0,0
79023,0,0
79054,0,0
79084,0,0
79115,0,0
79145,0,0
79176,0,0
79207,0,0
79237,0,0
79268,0,0
79299,0,0
79329,0,0
79360,0,0
79391,0,0
79421,0,0
79452,0,0
79482,0,0
79513,0,0
79544,0,0
79574,0,0
79605,0,0
79635,0,0
79666,0,0
79697,0,0
79727,0,0
79758,0,0
79788,0,0
79819,0,0
79850,0,0
79880,0,0
79911,0,0
79941,0,0
79972,0,0
80003,0,0
80033,0,0
80064,0,0
80094,0,0
80125,0,0
80156,0,0
80186,0,0
80217,0,0
80247,0,0
80278,0,0
80309,0,0
80339,0,0
80370,0,0
80400,0,0
80431,0,0
80462,0,0
80492,0,0
80523,0,0
80553,0,0
80584,0,0
80615,0,0
80646,0,0
80676,0,0
80707,0,0
80737,0,0
80768,0,0
80799,0,0
80829,0,0
80860,0,0
80890,0,0
80921,0,0
80952,0,0
80982,0,0
81013,0,0
81043,0,0
81074,0,0
81105,0,0
81135,0,0
81166,0,0
81196,0,0
81227,0,0
81258,0,0
81288,0,0
81319,0,0
81349,0,0
81380,0,0
81411,0,0
81441,0,0
81472,0,0
81502,0,0
81533,0,0
81564,0,0
81594,0,0
81625,0,0
81655,0,0
81686,0,0
81717,0,0
81747,0,0
81778,0,0
81808,0,0
81839,0,0
81870,0,0
81900,0,0
81931,0,0
81961,0,0
81992,0,0
82023,0,0
82053,0,0
82084,0,0
82114,0,0
82145,0,0
82176,0,0
82206,0,0
82237,0,0
82267,0,0
82298,0,0
82329,0,0
82359,0,0
82390,0,0
82420,0,0
82451,0,0
82482,0,0
82512,0,0
82543,0,0
82574,0,0
82604,0,0
82635,0,0
82665,0,0
82696,0,0
82726,0,0
82757,0,0
82788,0,0
82818,0,0
82849,0,0
82879,0,0
82910,0,0
82941,0,0
82971,0,0
83002,0,0
83032,0,0
83063,0,0
83094,0,0
83124,0,0
83155,0,0
83185,0,0
83216,0,0
83247,0,0
83277,0,0
83308,0,0
83338,0,0
83369,0,0
83399,0,0
83430,0,0
83461,0,0
83492,0,0
83522,0,0
83553,0,0
83583,0,0
83614,0,0
83644,0,0
83675,0,0
83706,0,0
83736,0,0
83767,0,0
83797,0,0
83828,0,0
83859,0,0
83889,0,0
83920,0,0
83950,0,0
83981,0,0
84012,0,0
84042,0,0
84073,0,0
84103,0,0
84134,0,0
84165,0,0
84195,0,0
84226,0,0
84256,0,0
84287,0,0
84318,0,0
84348,0,0
84379,0,0
84409,0,0
84440,0,0
84471,0,0
84501,0,0
84532,0,0
84562,0,0
84593,0,0
84624,0,0
84654,0,0
84685,0,0
84715,0,0
84746,0,0
84777,0,0
84808,0,0
84838,0,0
84869,0,0
84899,0,0
84930,0,0
84961,0,0
84991,0,0
85022,0,0
85052,0,0
85083,0,0
85114,0,0
85144,0,0
85175,0,0
85205,0,0
85236,0,0
85267,0,0
85297,0,0
85328,0,0
85358,0,0
85389,0,0
85420,0,0
85450,0,0
85481,0,0
85511,0,0
85542,0,0
85573,0,0
85603,0,0
85634,0,0
85664,0,0
85695,0,0
85726,0,0
85756,0,0
85787,0,0
85817,0,0
85848,0,0
85879,0,0
85909,0,0
85940,0,0
85971,0,0
86001,0,0
86032,0,0
86062,0,0
86093,0,0
86124,0,0
86154,0,0
86185,0,0
86216,0,0
86246,0,0
86277,0,0
86307,0,0
86338,0,0
86369,0,0
86399,0,0
86430,0,0
86460,0,0
86491,0,0
86522,0,0
86552,0,0
86583,0,0
86613,0,0
86644,0,0
86675,0,0
86705,0,0
86736,0,0
86766,0,0
86797,0,0
86828,0,0
86858,0,0
86889,0,0
86919,0,0
86950,0,0
86981,0,0
87011,0,0
87042,0,0
87072,0,0
87103,0,0
87134,0,0
87164,0,0
87195,0,0
87225,0,0
87256,0,0
87287,0,0
87317,0,0
87348,0,0
87378,0,0
87409,0,0
87440,0,0
87471,0,0
87501,0,0
87532,0,0
87562,0,0
87593,0,0
87624,0,0
87654,0,0
87685,0,0
87715,0,0
87746,0,0
87777,0,0
87807,0,0
87838,0,0
87868,0,0
87899,0,0
87930,0,0
87960,0,0
87991,0,0
88021,0,0
88052,0,0
88083,0,0
88113,0,0
88144,0,0
88174,0,0
88205,0,0
88236,0,0
88266,0,0
88297,0,0
88327,0,0
88358,0,0
88389,0,0
88419,0,0
88450,0,0
88480,0,0
88511,0,0
88542,0,0
88572,0,0
88603,0,0
88633,0,0
88664,0,0
88695,0,0
88725,0,0
88756,0,0
88786,0,0
88817,0,0
88848,0,0
88878,0,0
88909,0,0
88939,0,0
88970,0,0
89001,0,0
89031,0,0
89062,0,0
89092,0,0
89123,0,0
89154,0,0
89184,0,0
89215,0,0
89245,0,0
89276,0,0
89307,0,0
89337,0,0
89368,0,0
89398,0,0
89429,0,0
89460,0,0
89490,0,0
89521,0,0
89551,0,0
89582,0,0
89613,0,0
89643,0,0
89674,0,0
89704,0,0
89735,0,0
89766,0,0
89796,0,0
89827,0,0
89857,0,0
89888,0,0
89919,0,0
89949,0,0
89980,0,0
90010,0,0
90041,0,0
90072,0,0
90102,0,0
90133,0,0
90163,0,0
90194,0,0
90225,0,0
90255,0,0
90286,0,0
90316,0,0
90347,0,0
90378,0,0
90408,0,0
90439,0,0
90469,0,0
90500,0,0
90531,0,0
90561,0,0
90592,0,0
90622,0,0
90653,0,0
90684,0,0
90714,0,0
90745,0,0
90775,0,0
90806,0,0
90837,0,0
90867,0,0
90898,0,0
90928,0,0
90959,0,0
90990,0,0
91020,0,0
91051,0,0
91081,0,0
91112,0,0
91143,0,0
91173,0,0
91204,0,0
91234,0,0
91265,0,0
91296,0,0
91326,0,0
91357,0,0
91387,0,0
91418,0,0
91449,0,0
91479,0,0
91510,0,0
91540,0,0
91571,0,0
91602,0,0
91632,0,0
91663,0,0
91694,0,0
91724,0,0
91755,0,0
91785,0,0
91816,0,0
91847,0,0
91877,0,0
91908,0,0
91938,0,0
91969,0,0
92000,0,0
92030,0,0
92061,0,0
92091,0,0
92122,0,0
92153,0,0
92183,0,0
92214,0,0
92244,0,0
92275,0,0
92306,0,0
92336,0,0
92367,0,0
92397,0,0
92428,0,0
92459,0,0
92489,0,0
92520,0,0
92550,0,0
92581,0,0
92612,0,0
92642,0,0
92673,0,0
92703,0,0
92734,0,0
92765,0,0
92795,0,0
92826,0,0
92856,0,0
92887,0,0
92918,0,0
92949,0,0
92979,0,0
93010,0,0
93040,0,0
93071,0,0
93102,0,0
93132,0,0
93163,0,0
93193,0,0
93224,0,0
93255,0,0
93285,0,0
93316,0,0
93346,0,0
93377,0,0
93408,0,0
93438,0,0
93469,0,0
93499,0,0
93530,0,0
93561,0,0
93591,0,0
93622,0,0
93652,0,0
93683,0,0
93714,0,0
93744,0,0
93775,0,0
93805,0,0
93836,0,0
93867,0,0
93897,0,0
93928,0,0
93958,0,0
93989,0,0
94020,0,0
94050,0,0
94081,0,0
94111,0,0
94142,0,0
94173,0,0
94203,0,0
94234,0,0
94265,0,0
94295,0,0
94326,0,0
94357,0,0
94387,0,0
94418,0,0
94448,0,0
94479,0,0
94510,0,0
94540,0,0
94571,0,0
94601,0,0
94632,0,0
94663,0,0
94693,0,0
94724,0,0
94754,0,0
94785,0,0
94816,0,0
94846,0,0
94877,0,0
94907,0,0
94938,0,0
94969,0,0
94999,0,0
95030,0,0
95060,0,0
95091,0,0
95122,0,0
95152,0,0
95183,0,0
95213,0,0
95244,0,0
95275,0,0
95305,0,0
95336,0,0
95366,0,0
95397,0,0
95428,0,0
95458,0,0
95489,0,0
95519,0,0
95550,0,0
95581,0,0
95611,0,0
95642,0,0
95673,0,0
95703,0,0
95734,0,0
95764,0,0
95795,0,0
95826,0,0
95856,0,0
95887,0,0
95917,0,0
95948,0,0
95979,0,0
96009,0,0
96040,0,0
96070,0,0
96101,0,0
96132,0,0
96162,0,0
96193,0,0
96223,0,0
96254,0,0
96285,0,0
96315,0,0
96346,0,0
96376,0,0
96407,0,0
96438,0,0
96468,0,0
96499,0,0
96529,0,0
96560,0,0
96591,0,0
96621,0,0
96652,0,0
96682,0,0
96713,0,0
96744,0,0
96774,0,0
96805,0,0
96835,0,0
96866,0,0
96897,0,0
96928,0,0
96958,0,0
96989,0,0
97019,0,0
97050,0,0
97081,0,0
97111,0,0
97142,0,0
97172,0,0
97203,0,0
97234,0,0
97264,0,0
97295,0,0
97325,0,0
97356,0,0
97387,0,0
97417,0,0
97448,0,0
97478,0,0
97509,0,0
97540,0,0
97570,0,0
97601,0,0
97631,0,0
97662,0,0
97693,0,0
97723,0,0
97754,0,0
97784,0,0
97815,0,0
97846,0,0
97876,0,0
97907,0,0
97937,0,0
97968,0,0
97999,0,0
98029,0,0
98060,0,0
98090,0,0
98121,0,0
98152,0,0
98182,0,0
98213,0,0
98244,0,0
98274,0,0
98305,0,0
98335,0,0
98366,0,0
98397,0,0
98427,0,0
98458,0,0
98488,0,0
98519,0,0
98550,0,0
98580,0,0
98611,0,0
98641,0,0
98672,0,0
98703,0,0
98733,0,0
98764,0,0
98794,0,0
98825,0,0
98856,0,0
98886,0,0
98917,0,0
98947,0,0
98978,0,0
99009,0,0
99039,0,0
99070,0,0
99100,0,0
99131,0,0
99162,0,0
99192,0,0
99223,0,0
99253,0,0
99284,0,0
99315,0,0
99345,0,0
99376,0,0
99406,0,0
99437,0,0
99468,0,0
99498,0,0
99529,0,0
99559,0,0
99590,0,0
99621,0,0
99651,0,0
99682,0,0
99712,0,0
99743,0,0
99774,0,0
99804,0,0
