time_ms,raw_adc,millivolts
128017,0,0
128048,0,0
128078,0,0
128109,0,0
128140,0,0
128170,0,0
128201,0,0
128231,0,0
128262,0,0
128293,0,0
128323,0,0
128354,0,0
128385,0,0
128415,0,0
128446,0,0
128476,0,0
128507,0,0
128538,0,0
128568,0,0
128599,0,0
128629,0,0
128660,0,0
128691,0,0
128721,0,0
128752,0,0
128783,0,0
128813,0,0
128844,0,0
128874,0,0
128905,0,0
128936,0,0
128966,0,0
128997,0,0
129027,0,0
129058,0,0
129089,0,0
129120,0,0
129150,0,0
129181,1,3
129211,47,165
129242,79,278
129273,105,369
129303,87,306
129334,112,394
129365,112,394
129395,112,394
129426,112,394
129456,112,394
129487,112,394
129518,113,397
129548,112,394
129579,114,401
129609,112,394
129640,114,401
129671,109,383
129701,112,394
129732,112,394
129762,113,397
129793,89,313
129824,107,376
129854,32,112
129885,98,344
129916,113,397
129946,110,387
129977,113,397
130008,113,397
130038,116,408
130069,110,387
130099,114,401
130130,111,390
130161,109,383
130191,114,401
130222,111,390
130252,110,387
130283,64,225
130314,32,112
130344,6,21
130375,0,0
130405,0,0
130436,0,0
130467,0,0
130497,0,0
130528,0,0
130558,0,0
130589,0,0
130620,0,0
130651,0,0
130681,0,0
130712,0,0
130742,0,0
130773,0,0
130804,0,0
130834,0,0
130865,0,0
130895,0,0
130926,0,0
130957,0,0
130987,0,0
131018,0,0
131049,0,0
131079,0,0
131110,0,0
131140,0,0
131171,0,0
131202,0,0
131232,0,0
131263,0,0
131293,0,0
131324,0,0
131355,0,0
131386,25,87
131416,34,119
131447,107,376
131477,114,401
131508,50,175
131539,110,387
131569,111,390
131600,113,397
131631,112,394
131661,112,394
131692,113,397
131722,112,394
131753,110,387
131784,112,394
131814,111,390
131845,113,397
131875,113,397
131906,110,387
131937,112,394
131967,112,394
131998,112,394
132028,109,383
132059,112,394
132090,110,387
132120,113,397
132151,112,394
132181,112,394
132212,112,394
132243,112,394
132273,113,397
132304,112,394
132334,114,401
132365,111,390
132396,112,394
132426,112,394
132457,112,394
132487,112,394
132518,114,401
132549,112,394
132579,96,337
132610,113,397
132641,114,401
132671,110,387
132702,112,394
132732,113,397
132763,100,351
132794,113,397
132824,8,28
132855,21,73
132886,6,21
132916,0,0
132947,0,0
132978,0,0
133008,0,0
133039,0,0
133069,0,0
133100,0,0
133131,0,0
133161,0,0
133192,0,0
133222,0,0
133253,0,0
133284,0,0
133314,0,0
133345,0,0
133375,0,0
133406,0,0
133437,0,0
133467,0,0
133498,0,0
133528,0,0
133559,0,0
133590,0,0
133620,0,0
133651,0,0
133681,0,0
133712,0,0
133743,0,0
133773,0,0
133804,0,0
133834,1,3
133865,34,119
133895,99,348
133926,113,397
133957,111,390
133987,113,397
134018,113,397
134048,113,397
134079,112,394
134110,110,387
134140,51,179
134171,112,394
134202,113,397
134232,111,390
134263,112,394
134294,113,397
134324,117,411
134355,112,394
134385,111,390
134416,111,390
134447,112,394
134477,114,401
134508,113,397
134538,112,394
134569,113,397
134600,111,390
134630,112,394
134661,113,397
134691,111,390
134722,115,404
134753,112,394
134783,112,394
134814,114,401
134844,108,380
134875,111,390
134906,114,401
134936,111,390
134967,112,394
134997,109,383
135028,111,390
135059,116,408
135089,112,394
135120,109,383
135150,114,401
135181,111,390
135212,97,341
135242,112,394
135273,113,397
135303,70,246
135334,16,56
135365,0,0
135395,0,0
135426,0,0
135457,0,0
135487,0,0
135518,0,0
135549,0,0
135579,0,0
135610,0,0
135640,0,0
135671,0,0
135701,0,0
135732,0,0
135763,0,0
135793,0,0
135824,0,0
135854,0,0
135885,0,0
135916,0,0
135946,0,0
135977,0,0
136007,0,0
136038,0,0
136069,0,0
136099,0,0
136130,0,0
136160,0,0
136191,0,0
136222,16,56
136252,114,401
136283,112,394
136313,112,394
136344,112,394
136375,89,313
136405,8,28
136436,0,0
136466,0,0
136497,0,0
136528,0,0
136558,0,0
136589,0,0
136619,0,0
136650,0,0
136681,0,0
136711,0,0
136742,0,0
136772,0,0
136803,4,14
136834,110,387
136865,113,397
136895,112,394
136926,112,394
136956,41,144
136987,2,7
137018,0,0
137048,0,0
137079,0,0
137109,0,0
137140,0,0
137171,0,0
137201,0,0
137232,0,0
137262,0,0
137293,0,0
137324,0,0
137354,0,0
137385,61,214
137415,112,394
137446,112,394
137477,112,394
137507,34,119
137538,0,0
137568,0,0
137599,0,0
137630,0,0
137660,0,0
137691,0,0
137721,0,0
137752,0,0
137783,0,0
137813,0,0
137844,0,0
137874,0,0
137905,43,151
137936,113,397
137966,111,390
137997,114,401
138027,114,401
138058,21,73
138089,0,0
138120,0,0
138150,0,0
138181,0,0
138211,0,0
138242,0,0
138273,0,0
138303,0,0
138334,0,0
138364,0,0
138395,0,0
138426,114,401
138456,112,394
138487,111,390
138517,113,397
138548,113,397
138579,112,394
138609,114,401
138640,112,394
138670,108,380
138701,112,394
138732,112,394
138762,114,401
138793,112,394
138823,113,397
138854,113,397
138885,113,397
138915,112,394
138946,110,387
138976,115,404
139007,114,401
139038,114,401
139068,112,394
139099,113,397
139129,114,401
139160,96,337
139191,112,394
139221,111,390
139252,112,394
139282,112,394
139313,113,397
139343,113,397
139374,111,390
139405,91,320
139436,111,390
139466,112,394
139497,113,397
139527,112,394
139558,112,394
139589,112,394
139619,113,397
139650,112,394
139680,114,401
139711,111,390
139742,111,390
139772,114,401
139803,112,394
139833,113,397
139864,113,397
139895,113,397
139925,116,408
139956,114,401
139986,116,408
140017,110,387
140048,112,394
140078,111,390
140109,114,401
140139,114,401
140170,113,397
140201,108,380
140231,113,397
140262,111,390
140292,115,404
140323,112,394
140354,112,394
140384,115,404
140415,110,387
140446,113,397
140476,98,344
140507,113,397
140537,111,390
140568,115,404
140599,109,383
140629,112,394
140660,111,390
140690,115,404
140721,54,190
140752,112,394
140783,112,394
140813,112,394
140844,112,394
140874,115,404
140905,113,397
140936,113,397
140966,112,394
140997,113,397
141027,114,401
141058,112,394
141089,111,390
141119,116,408
141150,113,397
141180,114,401
141211,110,387
141242,113,397
141272,111,390
141303,108,380
141333,115,404
141364,113,397
141395,109,383
141425,112,394
141456,112,394
141486,113,397
141517,112,394
141548,113,397
141578,111,390
141609,113,397
141639,112,394
141670,111,390
141701,111,390
141731,115,404
141762,113,397
141792,97,341
141823,113,397
141854,113,397
141884,113,397
141915,112,394
141945,111,390
141976,114,401
142007,113,397
142037,70,246
142068,113,397
142099,114,401
142129,113,397
142160,110,387
142191,113,397
142221,112,394
142252,113,397
142282,112,394
142313,113,397
142344,115,404
142374,43,151
142405,0,0
142435,0,0
142466,0,0
142497,0,0
142527,0,0
142558,0,0
142588,0,0
142619,0,0
142650,0,0
142680,0,0
142711,0,0
142741,0,0
142772,0,0
142803,0,0
142833,0,0
142864,0,0
142894,0,0
142925,0,0
142956,0,0
142986,0,0
143017,0,0
143047,0,0
143078,0,0
143109,0,0
143139,0,0
143170,0,0
143200,0,0
143231,0,0
143262,0,0
143292,0,0
143323,0,0
143353,0,0
143384,58,204
143415,112,394
143446,112,394
143476,112,394
143507,113,397
143537,112,394
143568,112,394
143599,112,394
143629,114,401
143660,114,401
143690,114,401
143721,113,397
143752,111,390
143782,112,394
143813,109,383
143843,112,394
143874,111,390
143905,113,397
143935,113,397
143966,111,390
143996,113,397
144027,113,397
144058,113,397
144088,113,397
144119,115,404
144149,110,387
144180,113,397
144211,111,390
144241,112,394
144272,112,394
144302,112,394
144333,112,394
144364,112,394
144394,111,390
144425,89,313
144455,110,387
144486,112,394
144517,112,394
144547,113,397
144578,112,394
144608,113,397
144639,112,394
144670,102,358
144700,116,408
144731,112,394
144762,113,397
144792,110,387
144823,111,390
144854,117,411
144884,112,394
144915,110,387
144945,110,387
144976,112,394
145007,114,401
145037,113,397
145068,111,390
145098,111,390
145129,114,401
145160,111,390
145190,114,401
145221,112,394
145251,112,394
145282,111,390
145313,115,404
145343,114,401
145374,113,397
145404,112,394
145435,112,394
145466,111,390
145496,115,404
145527,115,404
145557,108,380
145588,114,401
145619,111,390
145649,114,401
145680,113,397
145710,113,397
145741,89,313
145772,111,390
145802,112,394
145833,115,404
145863,112,394
145894,114,401
145925,111,390
145955,112,394
145986,106,373
146017,58,204
146047,0,0
146078,0,0
146109,0,0
146139,0,0
146170,0,0
146200,0,0
146231,0,0
146262,0,0
146292,0,0
146323,0,0
146353,0,0
146384,0,0
146415,0,0
146445,0,0
146476,0,0
146506,0,0
146537,0,0
146568,0,0
146598,0,0
146629,0,0
146659,0,0
146690,0,0
146721,0,0
146751,0,0
146782,22,77
146812,112,394
146843,112,394
146873,111,390
146904,112,394
146935,114,401
146965,1,3
146996,0,0
147027,0,0
147057,0,0
147088,0,0
147118,0,0
147149,0,0
147180,0,0
147210,0,0
147241,0,0
147271,100,351
147302,110,387
147333,111,390
147363,113,397
147394,111,390
147424,2,7
147455,0,0
147486,0,0
147516,0,0
147547,0,0
147578,0,0
147608,0,0
147639,0,0
147669,0,0
147700,0,0
147730,0,0
147761,0,0
147792,0,0
147822,0,0
147853,0,0
147883,0,0
147914,0,0
147945,110,387
147975,114,401
148006,107,376
148036,111,390
148067,0,0
148098,0,0
148128,0,0
148159,0,0
148189,0,0
148220,0,0
148251,0,0
148281,0,0
148312,0,0
148342,0,0
148373,113,397
148404,112,394
148434,113,397
148465,3,10
148496,0,0
148526,0,0
148557,0,0
148587,0,0
148618,0,0
148649,0,0
148679,0,0
148710,0,0
148740,0,0
148771,0,0
148802,0,0
148832,0,0
148863,0,0
148893,71,249
148924,113,397
148955,115,404
148985,68,239
149016,7,24
149046,0,0
149077,0,0
149108,0,0
149138,35,123
149169,112,394
149199,113,397
149230,112,394
149261,58,204
149291,0,0
149322,0,0
149352,0,0
149383,0,0
149414,32,112
149444,112,394
149475,111,390
149505,116,408
149536,14,49
149567,0,0
149597,0,0
149628,0,0
149658,0,0
149689,0,0
149720,0,0
149750,0,0
149781,0,0
149811,0,0
149842,0,0
149873,0,0
149903,8,28
149934,109,383
149964,115,404
149995,116,408
150026,80,281
150056,7,24
150087,0,0
150118,0,0
150148,0,0
150179,0,0
150210,0,0
150240,0,0
150271,0,0
150301,0,0
150332,0,0
150363,0,0
150393,0,0
150424,0,0
150454,0,0
150485,112,394
150516,116,408
150546,111,390
150577,110,387
150607,114,401
150638,110,387
150669,112,394
150699,113,397
150730,113,397
150760,112,394
150791,112,394
150822,111,390
150852,112,394
150883,112,394
150913,111,390
150944,112,394
150975,113,397
151005,113,397
151036,112,394
151066,110,387
151097,115,404
151128,112,394
151158,112,394
151189,116,408
151219,113,397
151250,109,383
151281,113,397
151311,113,397
151342,114,401
151372,113,397
151403,113,397
151434,113,397
151464,110,387
151495,23,80
151526,112,394
151556,113,397
151587,113,397
151618,114,401
151648,112,394
151679,56,197
151709,6,21
151740,0,0
151771,0,0
151801,0,0
151832,0,0
151862,0,0
151893,0,0
151924,0,0
151954,0,0
151985,0,0
152015,0,0
152046,0,0
152077,0,0
152107,0,0
152138,0,0
152168,0,0
152199,0,0
152230,0,0
152260,0,0
152291,0,0
152321,0,0
152352,0,0
152383,0,0
152413,0,0
152444,0,0
152474,0,0
152505,0,0
152536,0,0
152566,0,0
152597,0,0
152627,0,0
152658,0,0
152688,0,0
152719,0,0
152750,0,0
152780,0,0
152811,0,0
152842,0,0
152872,0,0
152903,0,0
152934,0,0
152964,0,0
152995,0,0
153025,0,0
153056,0,0
153087,0,0
153117,0,0
153148,0,0
153178,0,0
153209,0,0
153240,0,0
153270,0,0
153301,0,0
153331,0,0
153362,0,0
153393,0,0
153423,0,0
153454,0,0
153484,0,0
153515,0,0
153546,0,0
153576,0,0
153607,0,0
153637,0,0
153668,0,0
153699,0,0
153729,0,0
153760,0,0
153790,0,0
153821,0,0
153852,0,0
153882,0,0
153913,0,0
153943,0,0
153974,0,0
154005,0,0
154035,0,0
154066,0,0
154096,0,0
154127,0,0
154158,0,0
154189,0,0
154219,0,0
154250,0,0
154280,0,0
154311,0,0
154342,0,0
154372,0,0
154403,0,0
154433,0,0
154464,0,0
154495,0,0
154525,0,0
154556,0,0
154586,0,0
154617,0,0
154648,0,0
154678,0,0
154709,0,0
154739,0,0
154770,0,0
154800,0,0
154831,0,0
154862,0,0
154892,0,0
154923,0,0
154953,0,0
154984,0,0
155015,0,0
155045,0,0
155076,0,0
155106,0,0
155137,0,0
155167,0,0
155198,0,0
155229,0,0
155259,0,0
155290,0,0
155320,0,0
155351,0,0
155382,0,0
155412,0,0
155443,0,0
155474,0,0
155504,0,0
155535,0,0
155566,0,0
155596,0,0
155627,0,0
155657,0,0
155688,0,0
155719,0,0
155749,0,0
155780,0,0
155810,0,0
155841,0,0
155872,0,0
155902,0,0
155933,0,0
155963,0,0
155994,0,0
156025,0,0
156055,0,0
156086,0,0
156116,0,0
156147,0,0
156178,0,0
156208,0,0
156239,0,0
156269,0,0
156300,0,0
156331,0,0
156361,0,0
156392,0,0
156422,0,0
156453,0,0
156484,0,0
156514,0,0
156545,0,0
156575,0,0
156606,0,0
